0.998260869565
0.99652173913
0.994782608696
0.993043478261
0.991304347826
0.989565217391
0.987826086957
0.986086956522
0.984347826087
0.982608695652
0.980869565217
0.979130434783
0.977391304348
0.975652173913
0.973913043478
0.972173913043
0.970434782609
0.968695652174
0.966956521739
0.965217391304
0.96347826087
0.961739130435
0.96
0.958260869565
0.95652173913
0.954782608696
0.953043478261
0.951304347826
0.949565217391
0.947826086957
0.946086956522
0.944347826087
0.942608695652
0.940869565217
0.939130434783
0.937391304348
0.935652173913
0.933913043478
0.932173913043
0.930434782609
0.928695652174
0.926956521739
0.925217391304
0.92347826087
0.921739130435
0.92
0.918260869565
0.91652173913
0.914782608696
0.913043478261
0.911304347826
0.909565217391
0.907826086957
0.906086956522
0.904347826087
0.902608695652
0.900869565217
0.899130434783
0.897391304348
0.895652173913
0.893913043478
0.892173913043
0.890434782609
0.888695652174
0.886956521739
0.885217391304
0.88347826087
0.881739130435
0.88
0.878260869565
0.87652173913
0.874782608696
0.873043478261
0.871304347826
0.869565217391
0.867826086957
0.866086956522
0.864347826087
0.862608695652
0.860869565217
0.859130434783
0.857391304348
0.855652173913
0.853913043478
0.852173913043
0.850434782609
0.848695652174
0.846956521739
0.845217391304
0.84347826087
0.841739130435
0.84
0.838260869565
0.83652173913
0.834782608696
0.833043478261
0.831304347826
0.829565217391
0.827826086957
0.826086956522
0.824347826087
0.822608695652
0.820869565217
0.819130434783
0.817391304348
0.815652173913
0.813913043478
0.812173913043
0.810434782609
0.808695652174
0.806956521739
0.805217391304
0.80347826087
0.801739130435
0.8
0.798260869565
0.79652173913
0.794782608696
0.793043478261
0.791304347826
0.789565217391
0.787826086957
0.786086956522
0.784347826087
0.782608695652
0.780869565217
0.779130434783
0.777391304348
0.775652173913
0.773913043478
0.772173913043
0.770434782609
0.768695652174
0.766956521739
0.765217391304
0.76347826087
0.761739130435
0.76
0.758260869565
0.75652173913
0.754782608696
0.753043478261
0.751304347826
0.749565217391
0.747826086957
0.746086956522
0.744347826087
0.742608695652
0.740869565217
0.739130434783
0.737391304348
0.735652173913
0.733913043478
0.732173913043
0.730434782609
0.728695652174
0.726956521739
0.725217391304
0.72347826087
0.721739130435
0.72
0.718260869565
0.71652173913
0.714782608696
0.713043478261
0.711304347826
0.709565217391
0.707826086957
0.706086956522
0.704347826087
0.702608695652
0.700869565217
0.699130434783
0.697391304348
0.695652173913
0.693913043478
0.692173913043
0.690434782609
0.688695652174
0.686956521739
0.685217391304
0.68347826087
0.681739130435
0.68
0.678260869565
0.67652173913
0.674782608696
0.673043478261
0.671304347826
0.669565217391
0.667826086957
0.666086956522
0.664347826087
0.662608695652
0.660869565217
0.659130434783
0.657391304348
0.655652173913
0.653913043478
0.652173913043
0.650434782609
0.648695652174
0.646956521739
0.645217391304
0.64347826087
0.641739130435
0.64
0.638260869565
0.63652173913
0.634782608696
0.633043478261
0.631304347826
0.629565217391
0.627826086957
0.626086956522
0.624347826087
0.622608695652
0.620869565217
0.619130434783
0.617391304348
0.615652173913
0.613913043478
0.612173913043
0.610434782609
0.608695652174
0.606956521739
0.605217391304
0.60347826087
0.601739130435
0.6
0.598260869565
0.59652173913
0.594782608696
0.593043478261
0.591304347826
0.589565217391
0.587826086957
0.586086956522
0.584347826087
0.582608695652
0.580869565217
0.579130434783
0.577391304348
0.575652173913
0.573913043478
0.572173913043
0.570434782609
0.568695652174
0.566956521739
0.565217391304
0.56347826087
0.561739130435
0.56
0.558260869565
0.55652173913
0.554782608696
0.553043478261
0.551304347826
0.549565217391
0.547826086957
0.546086956522
0.544347826087
0.542608695652
0.540869565217
0.539130434783
0.537391304348
0.535652173913
0.533913043478
0.532173913043
0.530434782609
0.528695652174
0.526956521739
0.525217391304
0.52347826087
0.521739130435
0.52
0.518260869565
0.51652173913
0.514782608696
0.513043478261
0.511304347826
0.509565217391
0.507826086957
0.506086956522
0.504347826087
0.502608695652
0.500869565217
0.499130434783
0.497391304348
0.495652173913
0.493913043478
0.492173913043
0.490434782609
0.488695652174
0.486956521739
0.485217391304
0.48347826087
0.481739130435
0.48
0.478260869565
0.47652173913
0.474782608696
0.473043478261
0.471304347826
0.469565217391
0.467826086957
0.466086956522
0.464347826087
0.462608695652
0.460869565217
0.459130434783
0.457391304348
0.455652173913
0.453913043478
0.452173913043
0.450434782609
0.448695652174
0.446956521739
0.445217391304
0.44347826087
0.441739130435
0.44
0.438260869565
0.43652173913
0.434782608696
0.433043478261
0.431304347826
0.429565217391
0.427826086957
0.426086956522
0.424347826087
0.422608695652
0.420869565217
0.419130434783
0.417391304348
0.415652173913
0.413913043478
0.412173913043
0.410434782609
0.408695652174
0.406956521739
0.405217391304
0.40347826087
0.401739130435
0.4
0.398260869565
0.39652173913
0.394782608696
0.393043478261
0.391304347826
0.389565217391
0.387826086957
0.386086956522
0.384347826087
0.382608695652
0.380869565217
0.379130434783
0.377391304348
0.375652173913
0.373913043478
0.372173913043
0.370434782609
0.368695652174
0.366956521739
0.365217391304
0.36347826087
0.361739130435
0.36
0.358260869565
0.35652173913
0.354782608696
0.353043478261
0.351304347826
0.349565217391
0.347826086957
0.346086956522
0.344347826087
0.342608695652
0.340869565217
0.339130434783
0.337391304348
0.335652173913
0.333913043478
0.332173913043
0.330434782609
0.328695652174
0.326956521739
0.325217391304
0.32347826087
0.321739130435
0.32
0.318260869565
0.31652173913
0.314782608696
0.313043478261
0.311304347826
0.309565217391
0.307826086957
0.306086956522
0.304347826087
0.302608695652
0.300869565217
0.299130434783
0.297391304348
0.295652173913
0.293913043478
0.292173913043
0.290434782609
0.288695652174
0.286956521739
0.285217391304
0.28347826087
0.281739130435
0.28
0.278260869565
0.27652173913
0.274782608696
0.273043478261
0.271304347826
0.269565217391
0.267826086957
0.266086956522
0.264347826087
0.262608695652
0.260869565217
0.259130434783
0.257391304348
0.255652173913
0.253913043478
0.252173913043
0.250434782609
0.248695652174
0.246956521739
0.245217391304
0.24347826087
0.241739130435
0.24
0.238260869565
0.23652173913
0.234782608696
0.233043478261
0.231304347826
0.229565217391
0.227826086957
0.226086956522
0.224347826087
0.222608695652
0.220869565217
0.219130434783
0.217391304348
0.215652173913
0.213913043478
0.212173913043
0.210434782609
0.208695652174
0.206956521739
0.205217391304
0.20347826087
0.201739130435
0.2
0.198260869565
0.19652173913
0.194782608696
0.193043478261
0.191304347826
0.189565217391
0.187826086957
0.186086956522
0.184347826087
0.182608695652
0.180869565217
0.179130434783
0.177391304348
0.175652173913
0.173913043478
0.172173913043
0.170434782609
0.168695652174
0.166956521739
0.165217391304
0.16347826087
0.161739130435
0.16
0.158260869565
0.15652173913
0.154782608696
0.153043478261
0.151304347826
0.149565217391
0.147826086957
0.146086956522
0.144347826087
0.142608695652
0.140869565217
0.139130434783
0.137391304348
0.135652173913
0.133913043478
0.132173913043
0.130434782609
0.128695652174
0.126956521739
0.125217391304
0.12347826087
0.121739130435
0.12
0.118260869565
0.11652173913
0.114782608696
0.113043478261
0.111304347826
0.109565217391
0.107826086957
0.106086956522
0.104347826087
0.102608695652
0.100869565217
0.0991304347826
0.0973913043478
0.095652173913
0.0939130434783
0.0921739130435
0.0904347826087
0.0886956521739
0.0869565217391
0.0852173913043
0.0834782608696
0.0817391304348
0.08
0.0782608695652
0.0765217391304
0.0747826086957
0.0730434782609
0.0713043478261
0.0695652173913
0.0678260869565
0.0660869565217
0.064347826087
0.0626086956522
0.0608695652174
0.0591304347826
0.0573913043478
0.055652173913
0.0539130434783
0.0521739130435
0.0504347826087
0.0486956521739
0.0469565217391
0.0452173913043
0.0434782608696
0.0417391304348
0.04
0.0382608695652
0.0365217391304
0.0347826086957
0.0330434782609
0.0313043478261
0.0295652173913
0.0278260869565
0.0260869565217
0.024347826087
0.0226086956522
0.0208695652174
0.0191304347826
0.0173913043478
0.015652173913
0.0139130434783
0.0121739130435
0.0104347826087
0.00869565217391
0.00695652173913
0.00521739130435
0.00347826086957
0.00173913043478
0.0
-0.00173913043478
-0.00347826086957
-0.00521739130435
-0.00695652173913
-0.00869565217391
-0.0104347826087
-0.0121739130435
-0.0139130434783
-0.015652173913
-0.0173913043478
-0.0191304347826
-0.0208695652174
-0.0226086956522
-0.024347826087
-0.0260869565217
-0.0278260869565
-0.0295652173913
-0.0313043478261
-0.0330434782609
-0.0347826086957
-0.0365217391304
-0.0382608695652
-0.04
-0.0417391304348
-0.0434782608696
-0.0452173913043
-0.0469565217391
-0.0486956521739
-0.0504347826087
-0.0521739130435
-0.0539130434783
-0.055652173913
-0.0573913043478
-0.0591304347826
-0.0608695652174
-0.0626086956522
-0.064347826087
-0.0660869565217
-0.0678260869565
-0.0695652173913
-0.0713043478261
-0.0730434782609
-0.0747826086957
-0.0765217391304
-0.0782608695652
-0.08
-0.0817391304348
-0.0834782608696
-0.0852173913043
-0.0869565217391
-0.0886956521739
-0.0904347826087
-0.0921739130435
-0.0939130434783
-0.095652173913
-0.0973913043478
-0.0991304347826
-0.100869565217
-0.102608695652
-0.104347826087
-0.106086956522
-0.107826086957
-0.109565217391
-0.111304347826
-0.113043478261
-0.114782608696
-0.11652173913
-0.118260869565
-0.12
-0.121739130435
-0.12347826087
-0.125217391304
-0.126956521739
-0.128695652174
-0.130434782609
-0.132173913043
-0.133913043478
-0.135652173913
-0.137391304348
-0.139130434783
-0.140869565217
-0.142608695652
-0.144347826087
-0.146086956522
-0.147826086957
-0.149565217391
-0.151304347826
-0.153043478261
-0.154782608696
-0.15652173913
-0.158260869565
-0.16
-0.161739130435
-0.16347826087
-0.165217391304
-0.166956521739
-0.168695652174
-0.170434782609
-0.172173913043
-0.173913043478
-0.175652173913
-0.177391304348
-0.179130434783
-0.180869565217
-0.182608695652
-0.184347826087
-0.186086956522
-0.187826086957
-0.189565217391
-0.191304347826
-0.193043478261
-0.194782608696
-0.19652173913
-0.198260869565
-0.2
-0.201739130435
-0.20347826087
-0.205217391304
-0.206956521739
-0.208695652174
-0.210434782609
-0.212173913043
-0.213913043478
-0.215652173913
-0.217391304348
-0.219130434783
-0.220869565217
-0.222608695652
-0.224347826087
-0.226086956522
-0.227826086957
-0.229565217391
-0.231304347826
-0.233043478261
-0.234782608696
-0.23652173913
-0.238260869565
-0.24
-0.241739130435
-0.24347826087
-0.245217391304
-0.246956521739
-0.248695652174
-0.250434782609
-0.252173913043
-0.253913043478
-0.255652173913
-0.257391304348
-0.259130434783
-0.260869565217
-0.262608695652
-0.264347826087
-0.266086956522
-0.267826086957
-0.269565217391
-0.271304347826
-0.273043478261
-0.274782608696
-0.27652173913
-0.278260869565
-0.28
-0.281739130435
-0.28347826087
-0.285217391304
-0.286956521739
-0.288695652174
-0.290434782609
-0.292173913043
-0.293913043478
-0.295652173913
-0.297391304348
-0.299130434783
-0.300869565217
-0.302608695652
-0.304347826087
-0.306086956522
-0.307826086957
-0.309565217391
-0.311304347826
-0.313043478261
-0.314782608696
-0.31652173913
-0.318260869565
-0.32
-0.321739130435
-0.32347826087
-0.325217391304
-0.326956521739
-0.328695652174
-0.330434782609
-0.332173913043
-0.333913043478
-0.335652173913
-0.337391304348
-0.339130434783
-0.340869565217
-0.342608695652
-0.344347826087
-0.346086956522
-0.347826086957
-0.349565217391
-0.351304347826
-0.353043478261
-0.354782608696
-0.35652173913
-0.358260869565
-0.36
-0.361739130435
-0.36347826087
-0.365217391304
-0.366956521739
-0.368695652174
-0.370434782609
-0.372173913043
-0.373913043478
-0.375652173913
-0.377391304348
-0.379130434783
-0.380869565217
-0.382608695652
-0.384347826087
-0.386086956522
-0.387826086957
-0.389565217391
-0.391304347826
-0.393043478261
-0.394782608696
-0.39652173913
-0.398260869565
-0.4
-0.401739130435
-0.40347826087
-0.405217391304
-0.406956521739
-0.408695652174
-0.410434782609
-0.412173913043
-0.413913043478
-0.415652173913
-0.417391304348
-0.419130434783
-0.420869565217
-0.422608695652
-0.424347826087
-0.426086956522
-0.427826086957
-0.429565217391
-0.431304347826
-0.433043478261
-0.434782608696
-0.43652173913
-0.438260869565
-0.44
-0.441739130435
-0.44347826087
-0.445217391304
-0.446956521739
-0.448695652174
-0.450434782609
-0.452173913043
-0.453913043478
-0.455652173913
-0.457391304348
-0.459130434783
-0.460869565217
-0.462608695652
-0.464347826087
-0.466086956522
-0.467826086957
-0.469565217391
-0.471304347826
-0.473043478261
-0.474782608696
-0.47652173913
-0.478260869565
-0.48
-0.481739130435
-0.48347826087
-0.485217391304
-0.486956521739
-0.488695652174
-0.490434782609
-0.492173913043
-0.493913043478
-0.495652173913
-0.497391304348
-0.499130434783
-0.500869565217
-0.502608695652
-0.504347826087
-0.506086956522
-0.507826086957
-0.509565217391
-0.511304347826
-0.513043478261
-0.514782608696
-0.51652173913
-0.518260869565
-0.52
-0.521739130435
-0.52347826087
-0.525217391304
-0.526956521739
-0.528695652174
-0.530434782609
-0.532173913043
-0.533913043478
-0.535652173913
-0.537391304348
-0.539130434783
-0.540869565217
-0.542608695652
-0.544347826087
-0.546086956522
-0.547826086957
-0.549565217391
-0.551304347826
-0.553043478261
-0.554782608696
-0.55652173913
-0.558260869565
-0.56
-0.561739130435
-0.56347826087
-0.565217391304
-0.566956521739
-0.568695652174
-0.570434782609
-0.572173913043
-0.573913043478
-0.575652173913
-0.577391304348
-0.579130434783
-0.580869565217
-0.582608695652
-0.584347826087
-0.586086956522
-0.587826086957
-0.589565217391
-0.591304347826
-0.593043478261
-0.594782608696
-0.59652173913
-0.598260869565
-0.6
-0.601739130435
-0.60347826087
-0.605217391304
-0.606956521739
-0.608695652174
-0.610434782609
-0.612173913043
-0.613913043478
-0.615652173913
-0.617391304348
-0.619130434783
-0.620869565217
-0.622608695652
-0.624347826087
-0.626086956522
-0.627826086957
-0.629565217391
-0.631304347826
-0.633043478261
-0.634782608696
-0.63652173913
-0.638260869565
-0.64
-0.641739130435
-0.64347826087
-0.645217391304
-0.646956521739
-0.648695652174
-0.650434782609
-0.652173913043
-0.653913043478
-0.655652173913
-0.657391304348
-0.659130434783
-0.660869565217
-0.662608695652
-0.664347826087
-0.666086956522
-0.667826086957
-0.669565217391
-0.671304347826
-0.673043478261
-0.674782608696
-0.67652173913
-0.678260869565
-0.68
-0.681739130435
-0.68347826087
-0.685217391304
-0.686956521739
-0.688695652174
-0.690434782609
-0.692173913043
-0.693913043478
-0.695652173913
-0.697391304348
-0.699130434783
-0.700869565217
-0.702608695652
-0.704347826087
-0.706086956522
-0.707826086957
-0.709565217391
-0.711304347826
-0.713043478261
-0.714782608696
-0.71652173913
-0.718260869565
-0.72
-0.721739130435
-0.72347826087
-0.725217391304
-0.726956521739
-0.728695652174
-0.730434782609
-0.732173913043
-0.733913043478
-0.735652173913
-0.737391304348
-0.739130434783
-0.740869565217
-0.742608695652
-0.744347826087
-0.746086956522
-0.747826086957
-0.749565217391
-0.751304347826
-0.753043478261
-0.754782608696
-0.75652173913
-0.758260869565
-0.76
-0.761739130435
-0.76347826087
-0.765217391304
-0.766956521739
-0.768695652174
-0.770434782609
-0.772173913043
-0.773913043478
-0.775652173913
-0.777391304348
-0.779130434783
-0.780869565217
-0.782608695652
-0.784347826087
-0.786086956522
-0.787826086957
-0.789565217391
-0.791304347826
-0.793043478261
-0.794782608696
-0.79652173913
-0.798260869565
-0.8
-0.801739130435
-0.80347826087
-0.805217391304
-0.806956521739
-0.808695652174
-0.810434782609
-0.812173913043
-0.813913043478
-0.815652173913
-0.817391304348
-0.819130434783
-0.820869565217
-0.822608695652
-0.824347826087
-0.826086956522
-0.827826086957
-0.829565217391
-0.831304347826
-0.833043478261
-0.834782608696
-0.83652173913
-0.838260869565
-0.84
-0.841739130435
-0.84347826087
-0.845217391304
-0.846956521739
-0.848695652174
-0.850434782609
-0.852173913043
-0.853913043478
-0.855652173913
-0.857391304348
-0.859130434783
-0.860869565217
-0.862608695652
-0.864347826087
-0.866086956522
-0.867826086957
-0.869565217391
-0.871304347826
-0.873043478261
-0.874782608696
-0.87652173913
-0.878260869565
-0.88
-0.881739130435
-0.88347826087
-0.885217391304
-0.886956521739
-0.888695652174
-0.890434782609
-0.892173913043
-0.893913043478
-0.895652173913
-0.897391304348
-0.899130434783
-0.900869565217
-0.902608695652
-0.904347826087
-0.906086956522
-0.907826086957
-0.909565217391
-0.911304347826
-0.913043478261
-0.914782608696
-0.91652173913
-0.918260869565
-0.92
-0.921739130435
-0.92347826087
-0.925217391304
-0.926956521739
-0.928695652174
-0.930434782609
-0.932173913043
-0.933913043478
-0.935652173913
-0.937391304348
-0.939130434783
-0.940869565217
-0.942608695652
-0.944347826087
-0.946086956522
-0.947826086957
-0.949565217391
-0.951304347826
-0.953043478261
-0.954782608696
-0.95652173913
-0.958260869565
-0.96
-0.961739130435
-0.96347826087
-0.965217391304
-0.966956521739
-0.968695652174
-0.970434782609
-0.972173913043
-0.973913043478
-0.975652173913
-0.977391304348
-0.979130434783
-0.980869565217
-0.982608695652
-0.984347826087
-0.986086956522
-0.987826086957
-0.989565217391
-0.991304347826
-0.993043478261
-0.994782608696
-0.99652173913
-0.998260869565
-1.0
-0.998260869565
-0.99652173913
-0.994782608696
-0.993043478261
-0.991304347826
-0.989565217391
-0.987826086957
-0.986086956522
-0.984347826087
-0.982608695652
-0.980869565217
-0.979130434783
-0.977391304348
-0.975652173913
-0.973913043478
-0.972173913043
-0.970434782609
-0.968695652174
-0.966956521739
-0.965217391304
-0.96347826087
-0.961739130435
-0.96
-0.958260869565
-0.95652173913
-0.954782608696
-0.953043478261
-0.951304347826
-0.949565217391
-0.947826086957
-0.946086956522
-0.944347826087
-0.942608695652
-0.940869565217
-0.939130434783
-0.937391304348
-0.935652173913
-0.933913043478
-0.932173913043
-0.930434782609
-0.928695652174
-0.926956521739
-0.925217391304
-0.92347826087
-0.921739130435
-0.92
-0.918260869565
-0.91652173913
-0.914782608696
-0.913043478261
-0.911304347826
-0.909565217391
-0.907826086957
-0.906086956522
-0.904347826087
-0.902608695652
-0.900869565217
-0.899130434783
-0.897391304348
-0.895652173913
-0.893913043478
-0.892173913043
-0.890434782609
-0.888695652174
-0.886956521739
-0.885217391304
-0.88347826087
-0.881739130435
-0.88
-0.878260869565
-0.87652173913
-0.874782608696
-0.873043478261
-0.871304347826
-0.869565217391
-0.867826086957
-0.866086956522
-0.864347826087
-0.862608695652
-0.860869565217
-0.859130434783
-0.857391304348
-0.855652173913
-0.853913043478
-0.852173913043
-0.850434782609
-0.848695652174
-0.846956521739
-0.845217391304
-0.84347826087
-0.841739130435
-0.84
-0.838260869565
-0.83652173913
-0.834782608696
-0.833043478261
-0.831304347826
-0.829565217391
-0.827826086957
-0.826086956522
-0.824347826087
-0.822608695652
-0.820869565217
-0.819130434783
-0.817391304348
-0.815652173913
-0.813913043478
-0.812173913043
-0.810434782609
-0.808695652174
-0.806956521739
-0.805217391304
-0.80347826087
-0.801739130435
-0.8
-0.798260869565
-0.79652173913
-0.794782608696
-0.793043478261
-0.791304347826
-0.789565217391
-0.787826086957
-0.786086956522
-0.784347826087
-0.782608695652
-0.780869565217
-0.779130434783
-0.777391304348
-0.775652173913
-0.773913043478
-0.772173913043
-0.770434782609
-0.768695652174
-0.766956521739
-0.765217391304
-0.76347826087
-0.761739130435
-0.76
-0.758260869565
-0.75652173913
-0.754782608696
-0.753043478261
-0.751304347826
-0.749565217391
-0.747826086957
-0.746086956522
-0.744347826087
-0.742608695652
-0.740869565217
-0.739130434783
-0.737391304348
-0.735652173913
-0.733913043478
-0.732173913043
-0.730434782609
-0.728695652174
-0.726956521739
-0.725217391304
-0.72347826087
-0.721739130435
-0.72
-0.718260869565
-0.71652173913
-0.714782608696
-0.713043478261
-0.711304347826
-0.709565217391
-0.707826086957
-0.706086956522
-0.704347826087
-0.702608695652
-0.700869565217
-0.699130434783
-0.697391304348
-0.695652173913
-0.693913043478
-0.692173913043
-0.690434782609
-0.688695652174
-0.686956521739
-0.685217391304
-0.68347826087
-0.681739130435
-0.68
-0.678260869565
-0.67652173913
-0.674782608696
-0.673043478261
-0.671304347826
-0.669565217391
-0.667826086957
-0.666086956522
-0.664347826087
-0.662608695652
-0.660869565217
-0.659130434783
-0.657391304348
-0.655652173913
-0.653913043478
-0.652173913043
-0.650434782609
-0.648695652174
-0.646956521739
-0.645217391304
-0.64347826087
-0.641739130435
-0.64
-0.638260869565
-0.63652173913
-0.634782608696
-0.633043478261
-0.631304347826
-0.629565217391
-0.627826086957
-0.626086956522
-0.624347826087
-0.622608695652
-0.620869565217
-0.619130434783
-0.617391304348
-0.615652173913
-0.613913043478
-0.612173913043
-0.610434782609
-0.608695652174
-0.606956521739
-0.605217391304
-0.60347826087
-0.601739130435
-0.6
-0.598260869565
-0.59652173913
-0.594782608696
-0.593043478261
-0.591304347826
-0.589565217391
-0.587826086957
-0.586086956522
-0.584347826087
-0.582608695652
-0.580869565217
-0.579130434783
-0.577391304348
-0.575652173913
-0.573913043478
-0.572173913043
-0.570434782609
-0.568695652174
-0.566956521739
-0.565217391304
-0.56347826087
-0.561739130435
-0.56
-0.558260869565
-0.55652173913
-0.554782608696
-0.553043478261
-0.551304347826
-0.549565217391
-0.547826086957
-0.546086956522
-0.544347826087
-0.542608695652
-0.540869565217
-0.539130434783
-0.537391304348
-0.535652173913
-0.533913043478
-0.532173913043
-0.530434782609
-0.528695652174
-0.526956521739
-0.525217391304
-0.52347826087
-0.521739130435
-0.52
-0.518260869565
-0.51652173913
-0.514782608696
-0.513043478261
-0.511304347826
-0.509565217391
-0.507826086957
-0.506086956522
-0.504347826087
-0.502608695652
-0.500869565217
-0.499130434783
-0.497391304348
-0.495652173913
-0.493913043478
-0.492173913043
-0.490434782609
-0.488695652174
-0.486956521739
-0.485217391304
-0.48347826087
-0.481739130435
-0.48
-0.478260869565
-0.47652173913
-0.474782608696
-0.473043478261
-0.471304347826
-0.469565217391
-0.467826086957
-0.466086956522
-0.464347826087
-0.462608695652
-0.460869565217
-0.459130434783
-0.457391304348
-0.455652173913
-0.453913043478
-0.452173913043
-0.450434782609
-0.448695652174
-0.446956521739
-0.445217391304
-0.44347826087
-0.441739130435
-0.44
-0.438260869565
-0.43652173913
-0.434782608696
-0.433043478261
-0.431304347826
-0.429565217391
-0.427826086957
-0.426086956522
-0.424347826087
-0.422608695652
-0.420869565217
-0.419130434783
-0.417391304348
-0.415652173913
-0.413913043478
-0.412173913043
-0.410434782609
-0.408695652174
-0.406956521739
-0.405217391304
-0.40347826087
-0.401739130435
-0.4
-0.398260869565
-0.39652173913
-0.394782608696
-0.393043478261
-0.391304347826
-0.389565217391
-0.387826086957
-0.386086956522
-0.384347826087
-0.382608695652
-0.380869565217
-0.379130434783
-0.377391304348
-0.375652173913
-0.373913043478
-0.372173913043
-0.370434782609
-0.368695652174
-0.366956521739
-0.365217391304
-0.36347826087
-0.361739130435
-0.36
-0.358260869565
-0.35652173913
-0.354782608696
-0.353043478261
-0.351304347826
-0.349565217391
-0.347826086957
-0.346086956522
-0.344347826087
-0.342608695652
-0.340869565217
-0.339130434783
-0.337391304348
-0.335652173913
-0.333913043478
-0.332173913043
-0.330434782609
-0.328695652174
-0.326956521739
-0.325217391304
-0.32347826087
-0.321739130435
-0.32
-0.318260869565
-0.31652173913
-0.314782608696
-0.313043478261
-0.311304347826
-0.309565217391
-0.307826086957
-0.306086956522
-0.304347826087
-0.302608695652
-0.300869565217
-0.299130434783
-0.297391304348
-0.295652173913
-0.293913043478
-0.292173913043
-0.290434782609
-0.288695652174
-0.286956521739
-0.285217391304
-0.28347826087
-0.281739130435
-0.28
-0.278260869565
-0.27652173913
-0.274782608696
-0.273043478261
-0.271304347826
-0.269565217391
-0.267826086957
-0.266086956522
-0.264347826087
-0.262608695652
-0.260869565217
-0.259130434783
-0.257391304348
-0.255652173913
-0.253913043478
-0.252173913043
-0.250434782609
-0.248695652174
-0.246956521739
-0.245217391304
-0.24347826087
-0.241739130435
-0.24
-0.238260869565
-0.23652173913
-0.234782608696
-0.233043478261
-0.231304347826
-0.229565217391
-0.227826086957
-0.226086956522
-0.224347826087
-0.222608695652
-0.220869565217
-0.219130434783
-0.217391304348
-0.215652173913
-0.213913043478
-0.212173913043
-0.210434782609
-0.208695652174
-0.206956521739
-0.205217391304
-0.20347826087
-0.201739130435
-0.2
-0.198260869565
-0.19652173913
-0.194782608696
-0.193043478261
-0.191304347826
-0.189565217391
-0.187826086957
-0.186086956522
-0.184347826087
-0.182608695652
-0.180869565217
-0.179130434783
-0.177391304348
-0.175652173913
-0.173913043478
-0.172173913043
-0.170434782609
-0.168695652174
-0.166956521739
-0.165217391304
-0.16347826087
-0.161739130435
-0.16
-0.158260869565
-0.15652173913
-0.154782608696
-0.153043478261
-0.151304347826
-0.149565217391
-0.147826086957
-0.146086956522
-0.144347826087
-0.142608695652
-0.140869565217
-0.139130434783
-0.137391304348
-0.135652173913
-0.133913043478
-0.132173913043
-0.130434782609
-0.128695652174
-0.126956521739
-0.125217391304
-0.12347826087
-0.121739130435
-0.12
-0.118260869565
-0.11652173913
-0.114782608696
-0.113043478261
-0.111304347826
-0.109565217391
-0.107826086957
-0.106086956522
-0.104347826087
-0.102608695652
-0.100869565217
-0.0991304347826
-0.0973913043478
-0.095652173913
-0.0939130434783
-0.0921739130435
-0.0904347826087
-0.0886956521739
-0.0869565217391
-0.0852173913043
-0.0834782608696
-0.0817391304348
-0.08
-0.0782608695652
-0.0765217391304
-0.0747826086957
-0.0730434782609
-0.0713043478261
-0.0695652173913
-0.0678260869565
-0.0660869565217
-0.064347826087
-0.0626086956522
-0.0608695652174
-0.0591304347826
-0.0573913043478
-0.055652173913
-0.0539130434783
-0.0521739130435
-0.0504347826087
-0.0486956521739
-0.0469565217391
-0.0452173913043
-0.0434782608696
-0.0417391304348
-0.04
-0.0382608695652
-0.0365217391304
-0.0347826086957
-0.0330434782609
-0.0313043478261
-0.0295652173913
-0.0278260869565
-0.0260869565217
-0.024347826087
-0.0226086956522
-0.0208695652174
-0.0191304347826
-0.0173913043478
-0.015652173913
-0.0139130434783
-0.0121739130435
-0.0104347826087
-0.00869565217391
-0.00695652173913
-0.00521739130435
-0.00347826086957
-0.00173913043478
0.0
0.00173913043478
0.00347826086957
0.00521739130435
0.00695652173913
0.00869565217391
0.0104347826087
0.0121739130435
0.0139130434783
0.015652173913
0.0173913043478
0.0191304347826
0.0208695652174
0.0226086956522
0.024347826087
0.0260869565217
0.0278260869565
0.0295652173913
0.0313043478261
0.0330434782609
0.0347826086957
0.0365217391304
0.0382608695652
0.04
0.0417391304348
0.0434782608696
0.0452173913043
0.0469565217391
0.0486956521739
0.0504347826087
0.0521739130435
0.0539130434783
0.055652173913
0.0573913043478
0.0591304347826
0.0608695652174
0.0626086956522
0.064347826087
0.0660869565217
0.0678260869565
0.0695652173913
0.0713043478261
0.0730434782609
0.0747826086957
0.0765217391304
0.0782608695652
0.08
0.0817391304348
0.0834782608696
0.0852173913043
0.0869565217391
0.0886956521739
0.0904347826087
0.0921739130435
0.0939130434783
0.095652173913
0.0973913043478
0.0991304347826
0.100869565217
0.102608695652
0.104347826087
0.106086956522
0.107826086957
0.109565217391
0.111304347826
0.113043478261
0.114782608696
0.11652173913
0.118260869565
0.12
0.121739130435
0.12347826087
0.125217391304
0.126956521739
0.128695652174
0.130434782609
0.132173913043
0.133913043478
0.135652173913
0.137391304348
0.139130434783
0.140869565217
0.142608695652
0.144347826087
0.146086956522
0.147826086957
0.149565217391
0.151304347826
0.153043478261
0.154782608696
0.15652173913
0.158260869565
0.16
0.161739130435
0.16347826087
0.165217391304
0.166956521739
0.168695652174
0.170434782609
0.172173913043
0.173913043478
0.175652173913
0.177391304348
0.179130434783
0.180869565217
0.182608695652
0.184347826087
0.186086956522
0.187826086957
0.189565217391
0.191304347826
0.193043478261
0.194782608696
0.19652173913
0.198260869565
0.2
0.201739130435
0.20347826087
0.205217391304
0.206956521739
0.208695652174
0.210434782609
0.212173913043
0.213913043478
0.215652173913
0.217391304348
0.219130434783
0.220869565217
0.222608695652
0.224347826087
0.226086956522
0.227826086957
0.229565217391
0.231304347826
0.233043478261
0.234782608696
0.23652173913
0.238260869565
0.24
0.241739130435
0.24347826087
0.245217391304
0.246956521739
0.248695652174
0.250434782609
0.252173913043
0.253913043478
0.255652173913
0.257391304348
0.259130434783
0.260869565217
0.262608695652
0.264347826087
0.266086956522
0.267826086957
0.269565217391
0.271304347826
0.273043478261
0.274782608696
0.27652173913
0.278260869565
0.28
0.281739130435
0.28347826087
0.285217391304
0.286956521739
0.288695652174
0.290434782609
0.292173913043
0.293913043478
0.295652173913
0.297391304348
0.299130434783
0.300869565217
0.302608695652
0.304347826087
0.306086956522
0.307826086957
0.309565217391
0.311304347826
0.313043478261
0.314782608696
0.31652173913
0.318260869565
0.32
0.321739130435
0.32347826087
0.325217391304
0.326956521739
0.328695652174
0.330434782609
0.332173913043
0.333913043478
0.335652173913
0.337391304348
0.339130434783
0.340869565217
0.342608695652
0.344347826087
0.346086956522
0.347826086957
0.349565217391
0.351304347826
0.353043478261
0.354782608696
0.35652173913
0.358260869565
0.36
0.361739130435
0.36347826087
0.365217391304
0.366956521739
0.368695652174
0.370434782609
0.372173913043
0.373913043478
0.375652173913
0.377391304348
0.379130434783
0.380869565217
0.382608695652
0.384347826087
0.386086956522
0.387826086957
0.389565217391
0.391304347826
0.393043478261
0.394782608696
0.39652173913
0.398260869565
0.4
0.401739130435
0.40347826087
0.405217391304
0.406956521739
0.408695652174
0.410434782609
0.412173913043
0.413913043478
0.415652173913
0.417391304348
0.419130434783
0.420869565217
0.422608695652
0.424347826087
0.426086956522
0.427826086957
0.429565217391
0.431304347826
0.433043478261
0.434782608696
0.43652173913
0.438260869565
0.44
0.441739130435
0.44347826087
0.445217391304
0.446956521739
0.448695652174
0.450434782609
0.452173913043
0.453913043478
0.455652173913
0.457391304348
0.459130434783
0.460869565217
0.462608695652
0.464347826087
0.466086956522
0.467826086957
0.469565217391
0.471304347826
0.473043478261
0.474782608696
0.47652173913
0.478260869565
0.48
0.481739130435
0.48347826087
0.485217391304
0.486956521739
0.488695652174
0.490434782609
0.492173913043
0.493913043478
0.495652173913
0.497391304348
0.499130434783
0.500869565217
0.502608695652
0.504347826087
0.506086956522
0.507826086957
0.509565217391
0.511304347826
0.513043478261
0.514782608696
0.51652173913
0.518260869565
0.52
0.521739130435
0.52347826087
0.525217391304
0.526956521739
0.528695652174
0.530434782609
0.532173913043
0.533913043478
0.535652173913
0.537391304348
0.539130434783
0.540869565217
0.542608695652
0.544347826087
0.546086956522
0.547826086957
0.549565217391
0.551304347826
0.553043478261
0.554782608696
0.55652173913
0.558260869565
0.56
0.561739130435
0.56347826087
0.565217391304
0.566956521739
0.568695652174
0.570434782609
0.572173913043
0.573913043478
0.575652173913
0.577391304348
0.579130434783
0.580869565217
0.582608695652
0.584347826087
0.586086956522
0.587826086957
0.589565217391
0.591304347826
0.593043478261
0.594782608696
0.59652173913
0.598260869565
0.6
0.601739130435
0.60347826087
0.605217391304
0.606956521739
0.608695652174
0.610434782609
0.612173913043
0.613913043478
0.615652173913
0.617391304348
0.619130434783
0.620869565217
0.622608695652
0.624347826087
0.626086956522
0.627826086957
0.629565217391
0.631304347826
0.633043478261
0.634782608696
0.63652173913
0.638260869565
0.64
0.641739130435
0.64347826087
0.645217391304
0.646956521739
0.648695652174
0.650434782609
0.652173913043
0.653913043478
0.655652173913
0.657391304348
0.659130434783
0.660869565217
0.662608695652
0.664347826087
0.666086956522
0.667826086957
0.669565217391
0.671304347826
0.673043478261
0.674782608696
0.67652173913
0.678260869565
0.68
0.681739130435
0.68347826087
0.685217391304
0.686956521739
0.688695652174
0.690434782609
0.692173913043
0.693913043478
0.695652173913
0.697391304348
0.699130434783
0.700869565217
0.702608695652
0.704347826087
0.706086956522
0.707826086957
0.709565217391
0.711304347826
0.713043478261
0.714782608696
0.71652173913
0.718260869565
0.72
0.721739130435
0.72347826087
0.725217391304
0.726956521739
0.728695652174
0.730434782609
0.732173913043
0.733913043478
0.735652173913
0.737391304348
0.739130434783
0.740869565217
0.742608695652
0.744347826087
0.746086956522
0.747826086957
0.749565217391
0.751304347826
0.753043478261
0.754782608696
0.75652173913
0.758260869565
0.76
0.761739130435
0.76347826087
0.765217391304
0.766956521739
0.768695652174
0.770434782609
0.772173913043
0.773913043478
0.775652173913
0.777391304348
0.779130434783
0.780869565217
0.782608695652
0.784347826087
0.786086956522
0.787826086957
0.789565217391
0.791304347826
0.793043478261
0.794782608696
0.79652173913
0.798260869565
0.8
0.801739130435
0.80347826087
0.805217391304
0.806956521739
0.808695652174
0.810434782609
0.812173913043
0.813913043478
0.815652173913
0.817391304348
0.819130434783
0.820869565217
0.822608695652
0.824347826087
0.826086956522
0.827826086957
0.829565217391
0.831304347826
0.833043478261
0.834782608696
0.83652173913
0.838260869565
0.84
0.841739130435
0.84347826087
0.845217391304
0.846956521739
0.848695652174
0.850434782609
0.852173913043
0.853913043478
0.855652173913
0.857391304348
0.859130434783
0.860869565217
0.862608695652
0.864347826087
0.866086956522
0.867826086957
0.869565217391
0.871304347826
0.873043478261
0.874782608696
0.87652173913
0.878260869565
0.88
0.881739130435
0.88347826087
0.885217391304
0.886956521739
0.888695652174
0.890434782609
0.892173913043
0.893913043478
0.895652173913
0.897391304348
0.899130434783
0.900869565217
0.902608695652
0.904347826087
0.906086956522
0.907826086957
0.909565217391
0.911304347826
0.913043478261
0.914782608696
0.91652173913
0.918260869565
0.92
0.921739130435
0.92347826087
0.925217391304
0.926956521739
0.928695652174
0.930434782609
0.932173913043
0.933913043478
0.935652173913
0.937391304348
0.939130434783
0.940869565217
0.942608695652
0.944347826087
0.946086956522
0.947826086957
0.949565217391
0.951304347826
0.953043478261
0.954782608696
0.95652173913
0.958260869565
0.96
0.961739130435
0.96347826087
0.965217391304
0.966956521739
0.968695652174
0.970434782609
0.972173913043
0.973913043478
0.975652173913
0.977391304348
0.979130434783
0.980869565217
0.982608695652
0.984347826087
0.986086956522
0.987826086957
0.989565217391
0.991304347826
0.993043478261
0.994782608696
0.99652173913
0.998260869565
