1.20378713465e-11
-0.0
1.04459686069e-11
-1.55579529003e-12
1.01378892663e-11
-2.4137493985e-12
1.02771796773e-11
-3.03570041205e-12
1.06264026167e-11
-3.55862478495e-12
1.11058218613e-11
-4.03721599757e-12
1.16824162615e-11
-4.49828605744e-12
1.23410865932e-11
-4.9570644543e-12
1.30749450211e-11
-5.42327607184e-12
1.38813972597e-11
-5.90378037967e-12
1.47603506704e-11
-6.40385321594e-12
1.57133171819e-11
-6.92786586174e-12
1.67429340481e-11
-7.4796713085e-12
1.78526964009e-11
-8.06283784169e-12
1.90468046638e-11
-8.68079837016e-12
2.03300779748e-11
-9.33695109875e-12
2.17079075768e-11
-1.00347310705e-11
2.31862356313e-11
-1.07776637875e-11
2.47715510181e-11
-1.15694076066e-11
2.64708970721e-11
-1.24137890547e-11
2.82918881655e-11
-1.33148337185e-11
3.02427332147e-11
-1.42767944605e-11
3.23322649109e-11
-1.53041781568e-11
3.4569973936e-11
-1.64017718003e-11
3.69660477238e-11
-1.75746685819e-11
3.95314135318e-11
-1.88282944172e-11
4.22777857303e-11
-2.01684352848e-11
4.52177173162e-11
-2.16012656786e-11
4.83646557389e-11
-2.31333784327e-11
5.17330031826e-11
-2.47718161518e-11
5.53381814991e-11
-2.65241044602e-11
5.91967020293e-11
-2.83982872764e-11
6.33262405849e-11
-3.04029643152e-11
6.77457179001e-11
-3.25473310189e-11
7.24753858945e-11
-3.48412211263e-11
7.75369201215e-11
-3.72951520922e-11
8.29535188093e-11
-3.992037358e-11
8.87500089359e-11
-4.27289192623e-11
9.49529598144e-11
-4.57336621743e-11
1.015908047e-10
-4.89483738825e-11
1.0869397097e-10
-5.23877877451e-11
1.16295019471e-10
-5.60676665589e-11
1.24428793661e-10
-6.00048749064e-11
1.33132579236e-10
-6.42174565377e-11
1.42446274959e-10
-6.87247171454e-11
1.52412575488e-10
-7.35473129124e-11
1.63077167013e-10
-7.87073452417e-11
1.74488936633e-10
-8.42284621026e-11
1.86700196393e-10
-9.01359664602e-11
1.99766923043e-10
-9.64569322852e-11
2.13749014585e-10
-1.03220328677e-10
2.28710564805e-10
-1.10457152669e-10
2.44720157044e-10
-1.18200571328e-10
2.61851178543e-10
-1.26486073796e-10
2.80182156814e-10
-1.35351633972e-10
2.99797119574e-10
-1.44837884586e-10
3.20785979896e-10
-1.5498830345e-10
3.4324494833e-10
-1.65849412762e-10
3.67276973898e-10
-1.77470992347e-10
3.92992215974e-10
-1.8990630784e-10
4.20508549216e-10
-2.03212354846e-10
4.49952103865e-10
-2.17450120188e-10
4.8145784388e-10
-2.32684861457e-10
5.15170185571e-10
-2.48986406135e-10
5.51243659557e-10
-2.66429471659e-10
5.89843619084e-10
-2.85094007909e-10
6.31146997953e-10
-3.05065563672e-10
6.75343121524e-10
-3.26435678769e-10
7.22634574533e-10
-3.49302303647e-10
7.73238129669e-10
-3.73770248353e-10
8.27385741197e-10
-3.99951662949e-10
8.85325608164e-10
-4.27966551575e-10
9.47323312062e-10
-4.57943322504e-10
1.01366303418e-09
-4.90019376732e-10
1.08464885819e-09
-5.24341737775e-10
1.16060616399e-09
-5.61067725579e-10
1.24188311914e-09
-6.00365677627e-10
1.32885227472e-09
-6.42415720541e-10
1.42191227306e-09
-6.87410595726e-10
1.52148967491e-09
-7.35556542837e-10
1.62804091474e-09
-7.87074245114e-10
1.74205439282e-09
-8.42199840924e-10
1.86405271398e-09
-9.01186006146e-10
1.99459508298e-09
-9.64303112354e-10
2.13427986779e-09
-1.03184046612e-09
2.2837473423e-09
-1.10410763509e-09
2.44368262115e-09
-1.18143586698e-09
2.61481880007e-09
-1.26417960785e-09
2.79794031616e-09
-1.35271812683e-09
2.99388654352e-09
-1.44745725455e-09
3.20355564066e-09
-1.54883124332e-09
3.42790866743e-09
-1.65730475765e-09
3.66797399013e-09
-1.77337500408e-09
3.92485199529e-09
-1.89757401024e-09
4.1997201335e-09
-2.03047106349e-09
4.49383831643e-09
-2.17267532039e-09
4.80855469191e-09
-2.3248385988e-09
5.1453118234e-09
-2.48765836571e-09
5.50565330227e-09
-2.66188093414e-09
5.89123082311e-09
-2.84830488401e-09
6.30381175463e-09
-3.04778472261e-09
6.74528724068e-09
-3.26123480138e-09
7.21768086868e-09
-3.48963350701e-09
7.72315794512e-09
-3.73402774603e-09
8.26403542064e-09
-3.99553774356e-09
8.84279251023e-09
-4.27536217803e-09
9.46208205711e-09
-4.57478367554e-09
1.01247426926e-08
-4.89517468904e-09
1.08338118476e-08
-5.23800378922e-09
1.1592539675e-08
-5.60484239597e-09
1.24044039475e-08
-5.99737198127e-09
1.32731259986e-08
-6.41739177656e-09
1.42026877803e-08
-6.86682701982e-09
1.51973501145e-08
-7.34773778027e-09
1.62616722238e-08
-7.86232840111e-09
1.74005326296e-08
-8.41295760348e-09
1.86191515133e-08
-9.00214929816e-09
1.99231146441e-08
-9.63260415434e-09
2.13183989828e-08
-1.03072119787e-08
2.28114000779e-08
-1.10290649612e-08
2.44089613809e-08
-1.18014718492e-08
2.61184056145e-08
-1.26279731129e-08
2.79475683379e-08
-1.35123571745e-08
2.99048338622e-08
-1.44586777729e-08
3.19991736818e-08
-1.54712725447e-08
3.42401875967e-08
-1.65547829064e-08
3.66381477149e-08
-1.77141753296e-08
3.9204045537e-08
-1.89547641056e-08
4.19496423371e-08
-2.02822357041e-08
4.48875230733e-08
-2.17026748388e-08
4.80311540731e-08
-2.32225923573e-08
5.13949447586e-08
-2.48489550852e-08
5.49943136951e-08
-2.65892177594e-08
5.88457592648e-08
-2.84513571986e-08
6.29669352902e-08
-3.04439088667e-08
6.73767319535e-08
-3.2576005996e-08
7.20953623838e-08
-3.48574214517e-08
7.71444553072e-08
-3.72986125277e-08
8.25471541861e-08
-3.99107688788e-08
8.83282233021e-08
-4.27058638116e-08
9.45141612671e-08
-4.56967091655e-08
1.01133322485e-07
-4.88970140385e-08
1.08216047118e-07
-5.23214476256e-08
1.1579480016e-07
-5.59857064573e-08
1.2390432024e-07
-5.9906586348e-08
1.3258177886e-07
-6.41020593824e-08
1.41866950772e-07
-6.85913562942e-08
1.51802396294e-07
-7.33950546134e-08
1.62433656395e-07
-7.85351729873e-08
1.73809461439e-07
-8.40352721072e-08
1.85981954549e-07
-8.99205627029e-08
1.99006930617e-07
-9.62180211009e-08
2.12944092048e-07
-1.02956512876e-07
2.27857322414e-07
-1.10166925159e-07
2.43814979285e-07
-1.17882308219e-07
2.60890207547e-07
-1.26138026949e-07
2.79161274684e-07
-1.34971922974e-07
2.98711929527e-07
-1.44424488098e-07
3.19631786132e-07
-1.54539049911e-07
3.42016734541e-07
-1.65361970385e-07
3.65969380317e-07
-1.76942858388e-07
3.91599514847e-07
-1.89334797068e-07
4.19024618596e-07
-1.75937469829e-07
4.19846334184e-07
-8.75971961115e-08
3.59261573413e-07
3.90121788609e-08
2.92728766135e-07
1.51097620902e-07
2.62565080054e-07
2.27533504154e-07
2.72256365564e-07
2.79912798967e-07
3.0549208622e-07
3.25819066673e-07
3.49821655738e-07
3.74626417286e-07
4.01217474215e-07
4.29481856049e-07
4.5958556747e-07
4.9164401336e-07
5.25789729037e-07
5.62161590404e-07
6.00906869536e-07
6.42181630769e-07
6.86151309472e-07
7.32991300998e-07
7.82887574097e-07
8.36037310804e-07
8.9264957506e-07
9.52946012119e-07
1.01716158072e-06
1.0855453199e-06
1.15836115233e-06
1.23588872597e-06
1.31842429581e-06
1.40628164759e-06
1.49979306525e-06
1.59931034388e-06
1.70520585012e-06
1.81787363172e-06
1.93773057828e-06
2.0652176349e-06
2.20080107072e-06
2.34497380432e-06
2.49825678784e-06
2.66120045183e-06
2.83438621285e-06
3.01842804572e-06
3.21397412258e-06
3.42170852066e-06
3.64235300091e-06
3.87666885953e-06
4.12545885441e-06
4.3895692087e-06
4.66989169346e-06
4.96736579162e-06
5.28298094529e-06
5.61777888854e-06
5.97285606788e-06
6.34936615241e-06
6.74852263594e-06
7.17160153314e-06
7.61994417191e-06
8.09496008409e-06
8.59812999682e-06
9.13100892653e-06
9.69522937799e-06
1.02925046504e-05
1.09246322532e-05
1.15934974328e-05
1.23010768145e-05
1.30494421593e-05
1.38407642406e-05
1.46773168408e-05
1.55614808726e-05
1.64957486252e-05
1.74827281395e-05
1.85251477151e-05
1.96258605497e-05
2.07878495173e-05
2.20142320837e-05
2.33082653669e-05
2.46733513413e-05
2.61130421924e-05
2.76310458228e-05
2.92312315151e-05
3.09176357535e-05
3.26944682099e-05
3.45661178966e-05
3.6537159492e-05
3.86123598418e-05
4.07966846416e-05
4.30953053059e-05
4.5513606028e-05
4.8057191037e-05
5.07318920574e-05
5.35437759774e-05
5.6499152732e-05
5.96045834092e-05
6.28668885838e-05
6.62931568888e-05
6.98907538304e-05
7.36673308565e-05
7.76308346859e-05
8.17895169079e-05
8.61519438626e-05
9.07270068103e-05
9.55239324019e-05
0.000100552293461
0.000105822020087
0.000111343411099
0.000117127145816
0.000123184296211
0.00012952633943
0.000136165170702
0.000143113116655
0.000150382949044
0.000157987898923
0.000165941671261
0.000174258460031
0.000182952963783
0.000192040401725
0.00020153653033
0.000211457660484
0.000221820675204
0.000232643047943
0.000243942861506
0.000255738827597
0.000268050307026
0.000280897330597
0.000294300620706
0.000308281613671
0.000322862482829
0.000338066162417
0.000353916372278
0.000370437643416
0.000387655344436
0.000405595708887
0.000424285863567
0.000443753857801
0.000464028693736
0.000485140357694
0.000507119852614
0.000529999231626
0.000553811632798
0.000578591315088
0.000604373695563
0.000631195387908
0.000659094242285
0.000688109386583
0.000718281269108
0.000749651702766
0.000782263910786
0.000816162574038
0.000851393880005
0.000888005573458
0.000926047008895
0.000965569204811
0.00100662489985
0.00104926861092
0.00109355669329
0.00113954740284
0.00118730096036
0.00123687961823
0.00128834772924
0.00134177181788
0.00139722065411
0.00145476532958
0.00151447933659
0.00157643864963
0.00164072180988
0.00170741001244
0.00177658719669
0.00184834013964
0.00192275855255
0.00199993518078
0.00207996590707
0.00216294985837
0.00224898951623
0.00233819083099
0.00243066333986
0.00252652028889
0.00262587875923
0.00272885979748
0.00283558855056
0.00294619440509
0.0030608111314
0.00317957703246
0.00330263509772
0.00343013316217
0.00356222407069
0.00369906584784
0.0038408218734
0.00398766106363
0.00413975805869
0.00429729341613
0.00446045381089
0.00462943224184
0.00480442824519
0.00498564811487
0.00517330513019
0.00536761979093
0.00556882006013
0.00577714161487
0.00599282810513
0.00621613142109
0.00644731196915
0.00668663895686
0.006934390687
0.00719085486117
0.00745632889318
0.00773112023235
0.00801554669729
0.00830993682017
0.00861463020202
0.00892997787925
0.00925634270168
0.00959409972254
0.00994363660065
0.0103053540151
0.0106796660931
0.0110670008503
0.0114678006461
0.0118825226514
0.0123116393317
0.0127556389442
0.0132150260509
0.0136903220459
0.0141820656998
0.014690813719
0.0152171413228
0.0157616428368
0.0163249323035
0.0169076441113
0.017510433641
0.0181339779314
0.018778976363
0.0194461513618
0.0201362491224
0.020850040351
0.0215883210285
0.0223519131955
0.0231416657567
0.0239584553077
0.0248031869837
0.0256767953288
0.0265802451893
0.0275145326278
0.028480685861
0.0294797662202
0.0305128691345
0.0315811251372
0.0326857008955
0.0338278002634
0.0350086653576
0.0362295776569
0.0374918591242
0.0387968733513
0.0401460267265
0.041540769624
0.0429825976153
0.0444730527016
0.0460137245667
0.0476062518498
0.0492523234374
0.0509536797732
0.0527121141841
0.054529474223
0.0564076630247
0.058348640675
0.0603544255902
0.0624270959058
0.064568790871
0.0667817122484
0.0690681257142
0.0714303622576
0.0738708195752
0.0763919634573
0.0789963291622
0.0816865227739
0.0844652225401
0.0873351801828
0.0902992221794
0.0933602510064
0.0965212463393
0.099785266204
0.10315544807
0.106635009878
0.110227250998
0.113935553098
0.117763380928
0.121714282996
0.125791892133
0.129999925931
0.134342187047
0.138822563347
0.14344502789
0.148213638733
0.153132538527
0.158205953911
0.163438194663
0.168833652604
0.174396800221
0.180132189001
0.186044447447
0.192138278746
0.198418458071
0.204889829489
0.211557302446
0.218425847797
0.225500493353
0.232786318914
0.240288450749
0.248012055494
0.255962333426
0.264144511079
0.272563833163
0.281225553743
0.290134926638
0.299297194992
0.308717579991
0.318401268652
0.328353400669
0.338579054248
0.349083230895
0.359870839112
0.370946676945
0.382315413346
0.39398156831
0.405949491722
0.418223340897
0.430807056756
0.443704338605
0.456918617484
0.470453028061
0.484310379032
0.49849312202
0.513003318951
0.527842607912
0.543012167471
0.558512679502
0.574344290502
0.590506571467
0.60699847635
0.623818299173
0.640963629872
0.658431308969
0.676217381179
0.694317048109
0.712724620179
0.731433467972
0.750435973215
0.769723479623
0.789286243889
0.809113387101
0.829192846937
0.84951133099
0.870054271638
0.890805782901
0.911748619745
0.932864140383
0.9541322721
0.975531481214
0.997038747804
1.01862954587
1.04027782964
1.06195602674
1.08363503903
1.10528425186
1.12687155252
1.14836335885
1.16972465861
1.19091906063
1.21190885841
1.232655107
1.25311771385
1.27325554438
1.29302654277
1.31238786858
1.33129604947
1.34970715047
1.36757695976
1.38486119101
1.40151570194
1.41749672879
1.43276113573
1.4472666786
1.46097228136
1.47383832399
1.4858269398
1.49690232003
1.5070310232
1.51618228635
1.52432833494
1.531444688
1.53751045457
1.54250861747
1.54642630006
1.54925501142
1.55099086545
1.55163476916
1.55119257554
1.54967519647
1.54709867143
1.54348418808
1.5388580512
1.53325159706
1.52670105103
1.51924732714
1.51093576884
1.50181583195
1.49194071099
1.48136691226
1.47015377729
1.45836296243
1.44605788073
1.43330311409
1.42016380424
1.40670503234
1.3929911974
1.37908540449
1.36504887389
1.35094038197
1.33681574474
1.32272735386
1.30872377412
1.29484940999
1.28114424721
1.26764367373
1.25437838184
1.24137435179
1.2286529144
1.21623088846
1.20412078646
1.19233108064
1.18086651944
1.16972848387
1.15891537217
1.14842300098
1.1382450116
1.1283732704
1.11879825339
1.10950940663
1.10049547551
1.09174479782
1.08324555742
1.07498599707
1.06695459075
1.05914017717
1.05153205748
1.04412006103
1.03689458359
1.02984660283
1.0229676757
1.01624992211
1.00968599905
1.00326906846
0.996992761849
0.990851143742
0.984838675703
0.978950182007
0.973180817665
0.967526039136
0.961981577848
0.956543416422
0.951207767443
0.945971054533
0.94082989547
0.935781087113
0.930821591901
0.925948525725
0.921159146988
0.916450846723
0.911821139613
0.907267655831
0.902788133581
0.898380412286
0.894042426327
0.889772199305
0.885567838737
0.881427531181
0.877349537715
0.873332189758
0.869373885191
0.865473084759
0.861628308717
0.857838133713
0.854101189872
0.850416158085
0.846781767466
0.843196792973
0.839660053177
0.83617040818
0.832726757644
0.829328038952
0.825973225472
0.822661324921
0.819391377829
0.816162456087
0.812973661573
0.809824124861
0.806713003998
0.80363948334
0.800602772464
0.797602105123
0.794636738267
0.791705951102
0.788809044213
0.785945338712
0.783114175445
0.780314914228
0.777546933122
0.774809627745
0.772102410618
0.769424710533
0.766775971962
0.764155654485
0.761563232246
0.758998193438
0.756460039802
0.753948286158
0.75146245995
0.74900210081
0.746566760149
0.744156000757
0.741769396411
0.73940653158
0.737067000764
0.734750409519
0.732456368015
0.730184519445
0.727934399211
0.72570615153
0.723496716751
0.721311184189
0.719139212279
0.716994831439
0.714862619749
0.712757882005
0.710664014087
0.708597626536
0.706540822137
0.704511593677
0.702490651402
0.700497461296
0.69851123935
0.696553024685
0.694600431759
0.692676180759
0.690756170482
0.688864918128
0.686976485059
0.685117309814
0.68325948622
0.681431507357
0.679603360448
0.677805735767
0.676006365232
0.674238289047
0.6724668248
0.670727526135
0.668983126223
0.667271867177
0.665553715818
0.663869790073
0.662177095797
0.660519827253
0.658851821139
0.657220562658
0.655576496637
0.653970628897
0.652349774126
0.650768704567
0.649170349853
0.647613511706
0.646036961983
0.644503813389
0.642948388225
0.641438411431
0.639903443573
0.638416144198
0.636900978134
0.635435884511
0.633939875061
0.632496537644
0.63101904855
0.629597039391
0.628137441921
0.626736354203
0.625294025752
0.623913473395
0.622487796081
0.621127413397
0.619717772644
0.618377214063
0.616982997167
0.615661937015
0.614282531683
0.612980664023
0.611615456888
0.610332495417
0.608980870515
0.607716548521
0.606377885723
0.605131956106
0.603805629504
0.602577864847
0.601263241089
0.600053433802
0.598749870353
0.597557832876
0.596264676223
0.595090241285
0.593806825059
0.592649846016
0.591375489029
0.590235840264
0.588969844453
0.587847421845
0.586589070118
0.585483791586
0.584232345554
0.583144151682
0.581898849271
0.580827704005
0.57958775694
0.578533648376
0.57729823952
0.576261180774
0.575029461319
0.574009491497
0.572780577983
0.571777763239
0.570550734407
0.569565169109
0.568339062549
0.567370870554
0.566144679161
0.565194015202
0.563966683401
0.563033734596
0.561804154332
0.560889141823
0.559656148304
0.558759329028
0.557521696183
0.556643364795
0.555399800446
0.554540291388
0.553289432113
0.55244912185
0.551189527498
0.550368836928
0.549098984788
0.548298381836
0.54701666041
0.546236662818
0.54494136519
0.544182543515
0.542871860281
0.542134841117
0.54080685284
0.54009232228
0.538744991444
0.538053698787
0.536684861222
0.536017622957
0.534624978679
0.53398268275
0.532563786203
0.531947396581
0.530499646218
0.529910207798
0.528430834973
0.527869478817
0.526355535929
0.525823484881
0.524271832736
0.52377040742
0.522177701747
0.521708326997
0.520071004069
0.519635215789
0.517949477089
0.517548929604
0.51581072548
0.515447199371
0.513652211609
0.513327622105
0.511471245356
0.511187651278
0.509264973269
0.509024586593
0.507030367046
0.506835563104
0.504764211276
0.504617539643
0.502463090425
0.502367286532
0.500123374997
0.500081372515
0.497741206842
0.497756150884
0.495312483557
0.495387744744
0.492832841933
0.492972031377
0.490297640396
0.490504625658
0.487701940394
0.487980862465
0.485040486686
0.485395778048
0.482307686463
0.4827440903
0.479497587267
0.48002017788
0.476603853656
0.477218058144
0.473619742551
0.47433136383
0.470538077242
0.471353318458
0.467351219978
0.468276710396
0.464051043134
0.465093865557
0.460628898895
0.461796618685
0.457075587435
0.458376283209
0.453381323584
0.454823619633
0.44953570195
0.451128802469
0.445527660519
0.447281385679
0.441345442741
0.44327026668
0.436976558139
0.439083648899
0.432407741501
0.434709002968
0.427624910737
0.430133026595
0.422613123517
0.425341603238
0.417356532825
0.420319759699
0.411838341646
0.415051622813
0.406040756985
0.409520375445
0.399944943547
0.403708212059
0.393530977404
0.397596294181
0.386777800089
0.39116470614
0.379663173623
0.384392411559
0.372163637084
0.377257211147
0.36425446541
0.369735702432
0.355909631294
0.361803242212
0.347101771114
0.353433912601
0.337802156026
0.344600491704
0.327980669515
0.335274430113
0.317605792875
0.325425834571
0.30664460031
0.315023460393
0.295062765582
0.304034714385
0.282824582383
0.292425670299
0.269893000868
0.280161099088
0.256229683124
0.267204516496
0.241795080629
0.253518250858
0.226548537134
0.239063534262
0.210448420717
0.223800620587
0.193452289182
0.207688934277
0.175517093314
0.190687254073
0.156599422898
0.172753936275
0.136655800781
0.153847182478
0.115643030589
0.133925357025
0.0935186040308
0.112947359772
0.0702411739335
0.0908730599291
0.0457710993278
0.0676637969591
0.0200710689063
0.0432829545407
-0.0068931909492
0.0176966135028
-0.0351521177223
-0.00912571063166
-0.0647314186599
-0.0372102403851
-0.0956510767005
-0.0665780150487
-0.127924253446
-0.0972438722623
-0.161556087986
-0.129215330925
-0.196542392719
-0.16249137602
-0.232868250348
-0.197061148631
-0.27050651989
-0.232902547814
-0.290008644049
-0.253463651593
-0.303727005449
-0.268475243566
-0.312902127071
-0.279110987512
-0.31852349779
-0.286274469373
-0.321342003777
-0.290657638379
-0.321933018136
-0.29279847818
-0.320744618114
-0.293121854803
-0.318130872993
-0.291967772487
-0.314374953599
-0.289611283957
-0.309705549018
-0.286276868282
-0.304308812982
-0.282149055398
-0.298337246927
-0.277380436013
-0.29191642915
-0.272097804459
-0.285150193757
-0.266406938753
-0.27812467088
-0.260396366782
-0.270911475438
-0.25414036568
-0.263570249372
-0.247701372899
-0.256150706391
-0.241131940289
-0.248694289354
-0.234476329293
-0.241235522981
-0.227771821595
-0.233803124682
-0.221049802215
-0.226420921831
-0.214336659258
-0.219108612999
-0.207654534893
-0.211882402563
-0.201021954887
-0.204755531962
-0.194454358432
-0.197738726099
-0.187964545674
-0.19084056977
-0.181563057016
-0.184067826084
-0.175258495577
-0.177425706608
-0.169057802129
-0.17091810118
-0.16296649012
-0.164547773883
-0.156988847088
-0.15831653054
-0.151128107647
-0.152225362173
-0.145386602376
-0.146274568087
-0.139765886207
-0.140463861658
-0.134266849326
-0.134792461383
-0.12888981312
-0.129259169352
-0.123634613312
-0.123862438939
-0.118500672058
-0.118600433261
-0.113487060577
-0.113471075684
-0.108592553566
-0.108472093488
-0.103815676542
-0.103601055615
-0.0991547470372
-0.0988554053149
-0.0946079104642
-0.0942324883576
-0.0901731713431
-0.0897295774103
-0.0858484204903
-0.0853438930761
-0.0816314586849
-0.081072622031
-0.0775200172567
-0.0769129326344
-0.0735117759827
-0.0728619883357
-0.0696043786279
-0.0689169591592
-0.0657954464187
-0.0650750315097
-0.0620825897048
-0.0613334165112
-0.0584634180298
-0.0576893570637
-0.0549355488032
-0.0541401337777
-0.0514966147426
-0.0506830699286
-0.0481442702358
-0.0473155355528
-0.0448761967505
-0.044034950793
-0.0416901074079
-0.0408387885892
-0.0385837508188
-0.037724576795
-0.0355549142731
-0.0346898997955
-0.0326014263579
-0.0317323996883
-0.029721159076
-0.0288497770856
-0.0269120295234
-0.0260397915867
-0.0241720011818
-0.023300261964
-0.0214990848715
-0.020629066103
-0.0188913394094
-0.0180241407277
-0.0163468720076
-0.015483480945
-0.0138638384466
-0.013005139631
-0.011440443053
-0.0105872266858
-0.00907493850647
-0.00822790817585
-0.0067656255012
-0.00592540538195
-0.00451085228015
-0.00367799377052
-0.00230901406217
-0.00148400190091
-0.000158552377251
0.00065818971804
0.00194204567549
0.00275014981125
0.00399424823428
0.00479339755081
0.00599947953442
0.00678940379108
0.00795912081133
0.00873959231793
0.0098745112379
0.0106453411057
0.0117469488886
0.0125079835761
0.0135776917233
0.0143288098545
0.0153679585847
0.0161090680183
0.0171189302042
0.0178499653354
0.0188317502118
0.0195526694877
0.0205075261451
0.0212183097787
0.0221473304546
0.0228479783214
0.0237522015026
0.0244427312054
0.0253231445515
0.0260035896421
0.0268611327412
0.0275315410851
0.0283671080516
0.0290275403266
0.0298419822504
0.0304925105675
0.0312866378241
0.0319273444616
0.0327019288898
0.033332905133
0.0340886820894
0.0347100271662
0.0354476974631
0.0360595175691
0.0367797493033
0.0373821567095
0.038085586987
0.0386786992232
0.0393659357873
0.0399498748964
0.0406214976643
0.0411963895204
0.0418529520335
0.0424189257205
0.0430609565139
0.0436181437588
0.0442461476537
0.0447946823109
0.045409141636
0.045949159218
0.0465505349624
0.0470821722143
0.0476709051163
0.0481942996296
0.0487708112064
0.0492861010693
0.0498507945887
0.0503581180704
0.0509113794699
0.0514108747357
0.0519530734909
0.0524448783456
0.0529763682912
0.0534606199494
0.0539817400553
0.0544585749348
0.0549696500402
0.0554392035783
0.0559405450858
0.0564029515754
0.0568948581077
0.0573502505525
0.0578330085736
0.0582815185596
0.0587554029627
0.0591971605464
0.0596624352104
0.0600975688201
0.0605544871361
0.0609831234871
0.0614319288572
0.061854192879
0.0622951191883
0.0627111339619
0.0631444060261
0.0635542927323
0.0639801267209
0.0643840045969
0.064802608435
0.0652005947396
0.0656121684881
0.0660043784742
0.0664091146907
0.0667956615847
0.067193745665
0.0675747406527
0.0679663511552
0.0683419033726
0.0687272123258
0.0690974288553
0.0694766020496
0.0698415879209
0.0702147851853
0.0705746433799
0.0709420188447
0.0712968503048
0.0716585526508
0.0720084562905
0.0723646289864
0.0727097017066
0.0730604832334
0.0734008199388
0.0737463440034
0.0740820376224
0.074422433361
0.0747535748665
0.0750889670371
0.0754156454705
0.0757461546366
0.0760684571318
0.0763941998367
0.0767122116468
0.0770333005794
0.0773471051035
0.077663649256
0.0779733280676
0.0782854328856
0.0785910657614
0.0788988332869
0.0792004982363
0.0795040272436
0.0798018005389
0.080101186664
0.0803951428708
0.0806904787347
0.0809806907424
0.0812720660687
0.0815586051218
0.0818461068484
0.0821290425771
0.082412754963
0.0826921554141
0.082972160141
0.0832480918092
0.0835244680781
0.0837969959364
0.0840698205603
0.0843390080903
0.0846083555823
0.0848742648049
0.0851402074619
0.0854028989669
0.0856655069501
0.0859250399259
0.0861843813369
0.0864408135994
0.0866969545535
0.0869503425752
0.0872033472707
0.0874537462085
0.0877036769933
0.0879511407165
0.0881980581515
0.0884426392686
0.088686602188
0.0889283520738
0.0891694176429
0.0894083864643
0.0896466102345
0.0898828469758
0.0901182601234
0.0903518349136
0.0905844464734
0.0908154372946
0.0910453053812
0.0912737390742
0.0915009507874
0.0917268395893
0.0919514759747
0.0921748442833
0.0923969677735
0.0926178534647
0.0928375141106
0.0930559603711
0.0932732032974
0.0934892536481
0.0937041220585
0.093917819011
0.0941303548438
0.0943417397539
0.0945519837992
0.094761096902
0.0949690888511
0.0951759693039
0.0953817477892
0.0955864337087
0.0957900363394
0.095992564835
0.0961940282282
0.0963944354316
0.0965937952401
0.0967921163318
0.0969894072695
0.0971856765022
0.0973809323663
0.0975751830865
0.0977684367776
0.0979607014446
0.0981519849845
0.0983422951869
0.0985316397347
0.0987200262052
0.0989074620708
0.0990939546992
0.0992795113547
0.0994641391983
0.0996478452884
0.099830636581
0.10001251993
0.100193502089
0.100373589708
0.100552789339
0.100731107429
0.100908550327
0.10108512428
0.101260835435
0.101435689836
0.101609693427
0.101782852051
0.101955171447
0.102126657254
0.102297315007
0.102467150138
0.102636167975
0.102804373743
0.102971772559
0.103138369437
0.103304169282
0.103469176893
0.103633396961
0.103796834063
0.103959492671
0.10412137714
0.104282491715
0.104442840524
0.104602427581
0.10476125678
0.104919331899
0.105076656592
0.105233234392
0.105389068708
0.105544162822
0.105698519887
0.105852142927
0.106005034833
0.106157198362
0.106308636132
0.106459350623
0.106609344173
0.106758618975
0.106907177075
0.107055020368
0.107202150598
0.107348569349
0.107494278051
0.107639277966
0.107783570196
0.107927155668
0.108070035141
0.108212209193
0.108353678226
0.108494442454
0.108634501904
0.10877385641
0.10891250561
0.109050448937
0.109187685621
0.109324214679
0.109460034911
0.109595144897
0.109729542989
0.109863227307
0.109996195731
0.110128445898
0.110259975195
0.110390780751
0.110520859431
0.110650207832
0.110778822269
0.110906698777
0.111033833096
0.111160220664
0.111285856615
0.111410735761
0.111534852592
0.111658201262
0.111780775579
0.111902569
0.112023574616
0.112143785144
0.112263192917
0.11238178987
0.112499567531
0.112616517007
0.112732628973
0.11284789366
0.112962300838
0.113075839806
0.113188499375
0.113300267857
0.113411133044
0.113521082195
0.113630102022
0.113738178669
0.113845297694
0.113951444056
0.11405660209
0.11416075549
0.114263887288
0.114365979835
0.114467014775
0.114566973027
0.114665834758
0.11476357936
0.114860185426
0.114955630722
0.115049892163
0.11514294578
0.115234766697
0.115325329097
0.115414606193
0.115502570197
0.115589192283
0.115674442557
0.115758290019
0.115840702527
0.11592164676
0.116001088177
0.116078990977
0.116155318057
0.11623003097
0.116303089878
0.116374453505
0.11644407909
0.11651192234
0.116577937371
0.116642076664
0.116704291002
0.116764529417
0.116822739131
0.116878865495
0.116932851925
0.116984639837
0.117034168579
0.117081375366
0.117126195203
0.117168560809
0.11720840255
0.117245648347
0.117280223603
0.117312051114
0.117341050984
0.117367140532
0.117390234198
0.117410243449
0.117427076677
0.117440639098
0.117450832642
0.117457555845
0.117460703736
0.117460167716
0.117455835443
0.117447590699
0.117435313266
0.117418878791
0.117398158647
0.117373019792
0.117343324619
0.117308930811
0.117269691176
0.117225453491
0.117176060332
0.117121348905
0.117061150865
0.116995292135
0.116923592715
0.116845866492
0.11676192103
0.116671557371
0.116574569818
0.116470745712
0.11635986521
0.116241701046
0.116116018292
0.115982574109
0.11584111749
0.115691388996
0.115533120484
0.11536603483
0.115189845634
0.11500425693
0.114808962876
0.114603647441
0.114387984083
0.114161635413
0.113924252855
0.113675476296
0.11341493372
0.113142240837
0.112857000705
0.112558803334
0.112247225286
0.111921829257
0.111582163659
0.111227762179
0.110858143335
0.110472810021
0.110071249031
0.109652930588
0.109217307843
0.108763816378
0.108291873686
0.10780087865
0.107290210999
0.106759230762
0.106207277705
0.105633670758
0.105037707431
0.104418663221
0.103775791003
0.103108320417
0.102415457236
0.101696382735
0.10095025304
0.100176198477
0.0993733229039
0.0985407030426
0.097677387799
0.0967823975781
0.0958547235941
0.0948933271758
0.0938971390685
0.0928650587341
0.0917959536504
0.0906886586111
0.0895419750281
0.0883546702383
0.0871254768152
0.0858530918907
0.084536176485
0.083173354851
0.0817632138336
0.0803043022475
0.0787951302762
0.0772341688971
0.0756198493338
0.0739505625415
0.0722246587296
0.0704404469245
0.0685961945795
0.0666901272355
0.0647204282385
0.06268523852
0.0605826564469
0.0584107377469
0.0561674955173
0.0538509003244
0.0514588804023
0.0489893219588
0.0464400695991
0.0438089268752
0.0410936569726
0.0382919835452
0.0354015917086
0.0324201292063
0.0293452077585
0.0261744046104
0.0229052642901
0.0195353005956
0.0160619988213
0.0124828182448
0.00879519488732
0.00499654456766
0.00108426626639
-0.00294425417969
-0.00709164003394
-0.0113605192466
-0.0157535196509
-0.0202732637479
-0.0249223630568
-0.0297034120099
-0.0346189813684
-0.0396716111371
-0.0448638029531
-0.0501980119275
-0.0556766379151
-0.0613020161903
-0.0670764075058
-0.0730019875134
-0.0790808355237
-0.0853149225876
-0.0917060988778
-0.0982560803553
-0.104966434705
-0.11183856653
-0.118873701785
-0.126072871461
-0.133436894499
-0.140966359937
-0.148661608315
-0.156522712316
-0.164549456697
-0.172741317497
-0.181097440584
-0.189616619563
-0.198297273094
-0.207137421685
-0.216134664022
-0.225286152914
-0.234588570953
-0.244038105991
-0.253630426539
-0.263360657253
-0.273223354622
-0.28321248305
-0.293321391504
-0.303542790934
-0.313868732685
-0.324290588138
-0.334799029845
-0.345384014431
-0.356034767565
-0.36673977131
-0.377486754205
-0.388262684403
-0.399053766261
-0.40984544075
-0.420622390086
-0.431368546975
-0.442067108899
-0.452700557838
-0.463250685843
-0.473698626863
-0.484024895205
-0.494209430998
-0.504231652998
-0.514070519027
-0.523704594315
-0.533112127932
-0.542271137458
-0.551159501937
-0.559755063108
-0.568035734769
-0.575979620056
-0.583565136278
-0.59077114682
-0.597577099494
-0.603963170563
-0.609910413501
-0.615400911387
-0.620417931689
-0.624946081971
-0.62897146497
-0.632481831241
-0.635466727497
-0.637917638582
-0.639828120928
-0.641193925248
-0.642013106147
-0.642286116338
-0.642015883118
-0.641207864874
-0.639870085469
-0.638013144532
-0.63565020192
-0.632796934885
-0.629471466854
-0.625694267106
-0.621488021127
-0.616877471925
-0.611889233141
-0.606551575394
-0.600894187909
-0.5949479181
-0.588744492361
-0.582316221937
-0.57569569823
-0.568915482378
-0.562007794281
-0.555004206511
-0.547935348663
-0.540830627645
-0.533717969268
-0.526623586098
-0.519571776056
-0.512584755586
-0.505682530373
-0.498882805718
-0.492200937607
-0.485649924473
-0.47924043854
-0.47298089455
-0.466877552711
-0.460934651764
-0.455154567353
-0.449537990295
-0.444084119032
-0.438790860355
-0.433655032668
-0.428672566296
-0.423838695924
-0.419148140911
-0.414595270026
-0.41017424809
-0.405879162888
-0.401704131663
-0.397643387326
-0.393691345259
-0.389842652201
-0.386092219148
-0.38243524049
-0.378867201747
-0.375383878254
-0.371981327011
-0.368655873722
-0.365404096736
-0.362222809327
-0.35910904142
-0.356060021587
-0.353073159871
-0.350146031789
-0.347276363683
-0.344462019465
-0.341700988726
-0.338991376114
-0.336331391864
-0.333719343353
-0.331153627558
-0.328632724299
-0.326155190171
-0.323719653075
-0.321324807269
-0.318969408878
-0.31665227181
-0.314372264024
-0.312128304123
-0.309919358222
-0.307744437073
-0.305602593416
-0.30349291954
-0.301414545016
-0.299366634611
-0.297348386347
-0.295359029698
-0.293397823914
-0.29146405646
-0.28955704156
-0.287676118839
-0.285820652046
-0.283990027874
-0.282183654835
-0.280400962219
-0.278641399116
-0.276904433485
-0.275189551291
-0.273496255689
-0.27182406625
-0.270172518236
-0.268541161917
-0.266929561918
-0.265337296613
-0.26376395754
-0.262209148855
-0.260672486815
-0.25915359928
-0.257652125251
-0.256167714421
-0.25470002676
-0.253248732111
-0.251813509806
-0.250394048313
-0.24899004488
-0.247601205216
-0.246227243171
-0.244867880443
-0.243522846287
-0.242191877249
-0.240874716904
-0.239571115607
-0.238280830258
-0.237003624074
-0.235739266372
-0.234487532362
-0.23324820295
-0.232021064542
-0.23080590888
-0.229602532791
-0.228410738354
-0.227230331226
-0.226061127593
-0.224902919257
-0.223755592411
-0.222618806465
-0.221492696006
-0.220376722973
-0.219271083374
-0.218175270387
-0.217089463575
-0.216013185838
-0.214946601628
-0.213889261772
-0.212841316695
-0.211802343402
-0.210772479283
-0.209751325868
-0.208739008428
-0.207735151473
-0.206739869009
-0.205752807085
-0.204774069236
-0.203803321702
-0.202840658295
-0.201885764181
-0.200938724146
-0.199999241106
-0.199067391473
-0.198142894811
-0.197225819764
-0.196315901514
-0.195413201508
-0.194517469585
-0.193628760521
-0.192746837911
-0.191871750359
-0.191003274374
-0.190141452849
-0.189286074418
-0.188437176694
-0.1875945597
-0.18675825617
-0.185928076827
-0.185104049901
-0.184285996168
-0.183473939705
-0.182667710736
-0.181867329508
-0.181072635129
-0.180283644319
-0.179500204541
-0.178722329268
-0.177949873821
-0.177182848691
-0.176421116592
-0.175664685276
-0.174913424413
-0.174167339244
-0.17342630599
-0.172690327589
-0.171959286428
-0.171233183343
-0.170511906528
-0.169795454896
-0.169083722113
-0.16837670534
-0.167674303399
-0.166976511854
-0.166283234389
-0.165594465118
-0.164910112308
-0.164230168757
-0.163554547057
-0.162883238817
-0.162216160705
-0.161553303259
-0.160894586997
-0.160240001488
-0.159589470889
-0.158942983901
-0.158300468113
-0.157661911452
-0.157027244751
-0.156396455247
-0.155769476838
-0.155146296151
-0.154526849982
-0.15391112442
-0.153299059
-0.152690639342
-0.152085807573
-0.151484548906
-0.150886807918
-0.150292569472
-0.149701780469
-0.149114425471
-0.14853045358
-0.147949849107
-0.147372563238
-0.146798580078
-0.146227852789
-0.145660365309
-0.145096072673
-0.144534958693
-0.14397698018
-0.14342212085
-0.142870339201
-0.142321618888
-0.141775920009
-0.141233226184
-0.140693499032
-0.140156722165
-0.139622858645
-0.139091892102
-0.13856378697
-0.138038526917
-0.137516077681
-0.136996422988
-0.13647952982
-0.135965381975
-0.135453947618
-0.134945210639
-0.134439140327
-0.133935720678
-0.133434922053
-0.132936728568
-0.132441111604
-0.131948055408
-0.131457532334
-0.130969526771
-0.130484012001
-0.130000972562
-0.129520382625
-0.129042226886
-0.128566480361
-0.12809312791
-0.127622145359
-0.127153517741
-0.126687221651
-0.126223242302
-0.125761557025
-0.125302151216
-0.124845002914
-0.124390097697
-0.12393741428
-0.123486938433
-0.123038649516
-0.122592533491
-0.122148570336
-0.121706746208
-0.121267041678
-0.120829443099
-0.120393931612
-0.119960493764
-0.119529111243
-0.119099770794
-0.118672454626
-0.118247149685
-0.11782383868
-0.117402508756
-0.116983143104
-0.116565729065
-0.116150250296
-0.115736694335
-0.115325045283
-0.114915290873
-0.114507415636
-0.114101407501
-0.113697251408
-0.113294935482
-0.112894445058
-0.112495768455
-0.112098891389
-0.111703802369
-0.111310487477
-0.110918935414
-0.110529132616
-0.110141067969
-0.10975472825
-0.109370102531
-0.108987177919
-0.108605943667
-0.108226387199
-0.107848497952
-0.107472263653
-0.107097673917
-0.106724716769
-0.106353381998
-0.105983657915
-0.105615534484
-0.105249000288
-0.104884045466
-0.104520658865
-0.104158830792
-0.103798550355
-0.103439808023
-0.103082593155
-0.102726896383
-0.102372707306
-0.102020016719
-0.101668814451
-0.101319091458
-0.100970837793
-0.100624044568
-0.100278702054
-0.0999348015162
-0.0995923334379
-0.099251289233
-0.0989116595911
-0.0985734360731
-0.0982366095675
-0.0979011717803
-0.0975671137924
-0.0972344274525
-0.096903104028
-0.0965731355076
-0.09624451334
-0.0959172296509
-0.0955912760651
-0.095266644843
-0.0949433277798
-0.0946213172684
-0.0943006052696
-0.0939811843059
-0.0936630464993
-0.0933461844992
-0.0930305905841
-0.0927162575282
-0.0924031777619
-0.0920913441817
-0.0917807493656
-0.0914713863302
-0.091163247797
-0.0908563269001
-0.0905506165008
-0.0902461098485
-0.08994279994
-0.0896406801379
-0.0893397435712
-0.0890399837131
-0.0887413938211
-0.088443967477
-0.0881476980636
-0.0878525792689
-0.0875586045975
-0.0872657678416
-0.0869740626245
-0.0866834828406
-0.0863940222286
-0.0861056747829
-0.0858184343548
-0.0855322950368
-0.0852472507898
-0.0849632958024
-0.0846804241422
-0.084398630092
-0.0841179078236
-0.0838382517118
-0.0835596560301
-0.0832821152436
-0.0830056237246
-0.0827301760269
-0.0824557666192
-0.0821823901419
-0.081910041158
-0.0816387143928
-0.0813684045011
-0.0810991062913
-0.0808308145078
-0.0805635240406
-0.0802972297216
-0.0800319265204
-0.0797676093543
-0.0795042732712
-0.0792419132717
-0.0789805244801
-0.0787201019786
-0.0784606409663
-0.078202136605
-0.0779445841672
-0.0776879788923
-0.0774323161248
-0.0771775911798
-0.0769237994725
-0.0766709363919
-0.0764189974223
-0.076167978025
-0.0759178737521
-0.0756686801355
-0.0754203927935
-0.0751730073273
-0.0749265194201
-0.0746809247406
-0.0744362190355
-0.0741923980398
